151 470
146 473
 50 470
390 460
170 460
162 464
158 466
 46 468
 38 460
388 456
190 452
184 452
176 456
 44 452
 36 458
 24 450
 10 454
  5 453
414 440
400 444
398 444
384 448
210 446
204 448
192 448
 62 440
 53 441
 47 440
 36 448
 28 446
 15 449
  9 443
448 432
430 432
426 432
412 432
400 432
392 432
380 434
378 430
212 436
207 439
 86 430
 70 434
 67 437
 52 436
 30 436
480 420
450 428
446 428
434 422
428 428
410 428
407 429
396 424
376 428
113 420
108 420
 98 423
 84 426
 74 428
 60 420
 50 420
 40 424
 34 420
526 410
460 412
442 412
434 416
420 416
410 410
392 416
386 412
374 418
116 416
104 416
 98 412
 80 410
 70 416
 60 412
 52 416
 44 412
 36 414
540 404
536 400
524 408
496 402
484 404
472 408
466 404
452 408
442 404
430 400
422 406
416 400
404 400
384 404
370 406
368 402
104 400
 92 408
 85 406
 72 400
 66 402
 56 408
 48 408
 36 408
582 394
576 396
562 390
550 396
545 395
536 392
528 396
512 390
504 394
490 398
484 390
478 398
460 396
452 392
442 390
431 394
426 390
415 398
400 392
392 396
380 396
378 390
190 394
188 390
 80 392
 72 392
 62 398
 56 392
564 384
548 388
520 380
516 384
504 388
490 384
480 382
478 388
466 388
450 382
446 382
430 382
420 384
410 386
408 388
390 386
384 384
376 384
210 380
184 384
174 382
104 384
 92 380
 80 384
 70 382
 66 384
 58 388
 48 384
570 370
552 376
544 372
536 370
526 374
514 378
502 378
498 374
488 372
473 377
468 374
456 376
444 378
432 370
422 374
410 378
400 374
388 378
216 378
180 372
170 372
168 376
158 370
 82 374
 76 378
 68 372
 56 372
 22 372
 14 376
565 360
546 366
534 362
528 368
511 361
500 368
492 368
483 367
470 362
460 360
458 364
448 362
436 364
424 368
406 360
394 362
380 362
374 362
368 364
352 360
228 360
216 368
180 366
172 362
160 368
156 368
 92 366
 88 364
 72 368
 64 368
 52 360
 36 368
574 350
566 352
552 352
544 356
538 356
520 352
516 350
500 356
494 356
482 358
472 356
448 350
438 352
422 350
418 356
404 356
398 356
378 356
364 356
190 356
184 352
170 356
168 356
152 356
 96 356
 84 356
 42 350
 34 350
 28 352
584 344
562 346
552 342
530 342
528 348
508 348
490 340
482 342
470 340
464 340
454 342
446 348
414 346
236 340
211 342
203 342
198 342
164 340
156 344
 96 348
 84 348
 60 348
 50 346
 42 346
 38 348
578 334
566 338
556 336
520 332
510 334
504 330
498 336
485 339
476 336
456 336
248 336
232 332
200 334
196 332
186 332
160 336
152 336
142 334
 60 332
570 320
548 324
526 324
514 328
506 324
494 328
476 328
272 328
221 325
212 322
206 326
188 324
144 328
136 320
100 323
 64 322
 56 324
 46 326
576 318
564 316
544 316
528 318
256 312
248 316
224 310
214 316
164 310
112 316
104 316
 92 312
 80 312
 74 316
 68 312
 56 316
256 300
200 304
160 304
152 308
140 300
126 308
 88 300
 70 300
 68 300
312 292
300 296
264 292
224 296
206 294
196 292
160 294
150 298
144 298
136 294
 90 298
 88 296
 76 290
312 288
296 288
284 282
276 280
264 288
212 288
208 288
192 280
140 288
136 284
104 280
 94 284
 84 284
 76 288
464 272
448 272
294 272
270 270
240 272
210 270
209 273
140 276
118 270
100 272
 94 272
 77 275
 50 274
 40 272
 30 272
 24 272
574 264
432 264
344 264
310 262
304 260
272 262
268 268
256 264
231 263
224 264
216 268
208 268
160 264
152 260
128 260
116 268
104 266
 92 268
 88 264
 78 266
 52 264
 44 264
 32 264
 22 266
 15 261
570 258
568 256
512 252
416 256
368 256
348 256
304 252
296 254
286 256
268 254
236 254
220 256
206 256
160 252
154 256
146 252
136 252
128 256
116 256
102 256
 98 254
 60 252
 56 256
 48 256
 30 250
 22 254
 10 258
  7 251
584 246
574 240
564 248
536 248
416 240
400 248
376 240
364 240
354 242
304 240
292 240
280 240
272 248
264 248
252 240
240 244
208 240
184 240
172 248
160 248
152 248
144 246
120 248
 80 240
 64 242
 50 244
 46 240
 32 244
 24 240
 10 244
568 236
524 232
392 236
371 239
350 236
348 235
320 232
312 236
264 232
256 232
244 236
234 236
220 232
216 232
190 238
186 234
 70 230
 68 232
 54 236
 44 232
 36 232
 28 238
 14 236
552 224
544 220
520 220
404 228
391 227
384 224
260 222
254 220
244 224
230 228
220 220
218 226
 72 224
 62 226
 42 226
 30 228
 18 228
552 212
546 214
520 216
260 216
258 210
240 216
212 216
196 212
 70 212
 69 213
 28 210
 18 214
304 200
292 200
288 208
270 200
260 204
258 206
244 208
190 206
187 203
160 208
144 208
128 200
 96 208
 72 204
 57 209
 48 208
304 190
290 194
280 192
240 198
190 196
187 199
 92 192
 80 196
288 188
276 180
197 184
184 184
144 180
132 182
100 180
 99 182
 78 182
 60 180
 52 184
 48 184
304 172
295 171
286 174
272 176
260 176
240 176
224 176
210 176
208 176
188 178
146 178
128 176
112 176
104 170
 96 172
 88 172
 72 174
 68 176
296 164
284 164
272 166
264 164
230 160
212 160
192 166
188 164
136 160
120 160
112 168
100 164
 80 164
 72 168
 64 164
 48 160
288 150
274 154
268 152
240 156
232 156
216 152
202 150
154 150
110 150
 80 152
 76 156
 56 156
288 144
260 140
256 146
244 148
238 142
200 144
196 140
172 140
164 148
152 148
142 142
136 142
120 148
112 140
106 148
 94 140
 76 144
 64 140
 56 144
 48 140
300 130
294 130
279 131
268 134
256 136
244 136
236 136
208 136
196 132
184 134
172 136
168 136
156 134
146 138
136 136
120 136
 84 132
 74 138
 66 138
 54 130
 48 130
 38 138
 22 138
 14 132
294 120
288 124
272 128
260 128
248 120
235 128
220 128
218 128
204 120
190 124
188 128
112 126
 96 128
 60 124
 54 124
 40 120
 36 128
 20 124
 19 125
296 116
288 110
240 112
232 110
204 110
190 116
188 116
120 114
 72 110
 65 111
 56 110
 48 110
 32 116
 22 118
 14 116
294 104
288 108
274 102
244 100
236 100
228 104
212 108
204 108
196 102
188 106
118 108
106 106
 92 108
 84 100
 76 108
 68 108
 52 100
 44 100
 32 108
 20 104
 16 108
288  92
272  98
262  92
252  90
237  99
222  92
218  94
208  96
80 96
74 92
64 96
40 98
30 94
24 92
16 94
284  88
272  84
268  84
252  86
248  84
232  88
228  88
208  88
62 88
12 86
272  76
264  76
250  76
244  76
30 74
18 76
280  64
40 40
44 36
